# Created by Octave 5.2.0, Wed Sep 29 18:19:00 2021 CEST <fragilro@alumno.upv.es@ldsic-vdi01.upvnet.upv.es>
# name: w
# type: matrix
# rows: 101
# columns: 20
 -1.846e+05 -1.845e+05 -1.846e+05 -1.844e+05 -1.845e+05 -1.846e+05 -1.847e+05 -1.847e+05 -1.848e+05 -1.846e+05 -1.847e+05 -1.847e+05 -1.844e+05 -1.845e+05 -1.846e+05 -1.844e+05 -1.846e+05 -1.847e+05 -1.846e+05 -1.847e+05
 -1.456e+04 -1.446e+04 -1.445e+04 -1.446e+04 -1.444e+04 -1.444e+04 -1.442e+04 -1.447e+04 -1.445e+04 -1.447e+04 -1.445e+04 -1.436e+04 -1.451e+04 -1.456e+04 -1.441e+04 -1.449e+04 -1.426e+04 -1.446e+04 -1.422e+04 -1.448e+04
 -2815 -2803 -2728 -2753 -2788 -2678 -2673 -2697 -2681 -2660 -2701 -2229 -2677 -2797 -2791 -2707 -2658 -2565 -2819 -2802
 -3701 -3561 -3543 -3494 -3581 -3566 -3588 -3711 -3538 -3609 -3569 -3594 -3526 -3613 -3488 -3559 -2867 -3659 -3364 -3574
 -761.2 -698.8 -710.4 -710.5 -697.1 -676.3 -656.7 -730.4 -673.8 -715.7 -671.6 -727.2 -767.2 -778.6 -705.1 -727 -831.7 -29.4 -307.5 -624.6
 -1.269e+04 -1.273e+04 -1.274e+04 -1.274e+04 -1.273e+04 -1.274e+04 -1.273e+04 -1.267e+04 -1.272e+04 -1.273e+04 -1.275e+04 -1.263e+04 -1.264e+04 -1.279e+04 -1.275e+04 -1.274e+04 -1.267e+04 -1.272e+04 -1.263e+04 -1.269e+04
 -6514 -6596 -6661 -6603 -6614 -6571 -6403 -6614 -6503 -6161 -6076 -6609 -6578 -6673 -6628 -6690 -6604 -6576 -6617 -6530
 -890.4 -804.6 -786 -793.5 -799.2 -776.6 -768.7 -805.7 -718.8 -913.6 -828.6 -775.7 -810.2 -807.1 -786.1 -730.8 -934.9 289.2 -566.8 -649.5
 -715.5 -642.2 -651 -716 -750.3 -640.6 -578.5 -638.8 -644.5 -644.4 -628 662.7 -937.5 -717.6 -352.8 -699.5 -721.9 -655.6 -965.1 -688.2
 -4418 -4395 -4336 -4376 -4312 -4377 -4165 -4348 -4339 -4071 -4182 -4331 -4313 -4364 -4346 -4389 -4371 -4326 -4443 -4378
 -319.7 -319.8 -301.7 -359.1 -362.5 -359 -297.2 -335.1 -314 -339.6 -313 269.5 -432.3 -311.4 -337.5 -314 -226.2 -324.2 -321.7 -369.5
 -6198 -6112 -6115 -6114 -6132 -6093 -6075 -6117 -6083 -6126 -6093 -6084 -6186 -6222 -6116 -6206 -5677 -6092 -6092 -5925
 -2164 -2087 -2143 -2166 -2179 -2121 -1920 -2182 -2115 -1744 -1646 -2108 -1931 -2193 -2233 -2144 -2133 -2119 -2155 -2127
 -1005 -631.1 -1190 -1091 -925.7 476.6 -847 -843 -821.8 -873.7 -815.6 -887 -989.7 -871.4 -924 -1042 -844.2 -873.2 -1032 -740.6
 -2465 -2595 -2514 -2019 -2216 -2553 -2304 -2479 -2454 -2442 -2464 -2446 -2548 -2512 -2458 -2461 -2474 -2460 -2502 -2490
 -6248 -6292 -6299 -6321 -6319 -6304 -6290 -6309 -6309 -6297 -6292 -6328 -6336 -6364 -6324 -6472 -6353 -6330 -6222 -6095
 -7076 -7147 -7149 -7167 -7156 -7120 -7086 -7078 -7106 -7138 -7076 -7057 -7196 -7156 -7143 -7126 -7038 -7015 -6894 -7055
 -3533 -3459 -3470 -3498 -3491 -3419 -3405 -3434 -3357 -3453 -3377 -3424 -3466 -3485 -3447 -3494 -2977 -3423 -3396 -3191
 -4331 -4270 -4274 -4273 -4317 -4253 -4253 -4276 -4281 -4347 -4238 -4301 -4278 -4303 -4301 -4309 -4346 -3836 -4200 -4228
 -1.792e+04 -1.801e+04 -1.8e+04 -1.801e+04 -1.802e+04 -1.8e+04 -1.801e+04 -1.801e+04 -1.802e+04 -1.801e+04 -1.802e+04 -1.803e+04 -1.8e+04 -1.793e+04 -1.804e+04 -1.805e+04 -1.811e+04 -1.801e+04 -1.793e+04 -1.784e+04
 -9040 -9168 -9161 -9176 -9183 -9158 -9158 -9175 -9170 -9196 -9163 -9147 -9187 -9201 -9164 -9172 -9134 -9215 -9213 -9057
 -9485 -9400 -9394 -9391 -9426 -9402 -9374 -9370 -9360 -9420 -9403 -9392 -9426 -9326 -9397 -9346 -9282 -9363 -9265 -9335
 -7426 -7535 -7492 -7717 -6704 -7558 -7391 -7475 -7411 -7521 -7403 -7368 -7464 -7392 -7475 -7566 -7580 -7473 -7564 -7096
 -6988 -7187 -7213 -7222 -7236 -7229 -7196 -7224 -7216 -7227 -7208 -7253 -7153 -7284 -6892 -7281 -7253 -7180 -7326 -7052
 -1.604e+04 -1.584e+04 -1.601e+04 -1.585e+04 -1.589e+04 -1.588e+04 -1.591e+04 -1.6e+04 -1.599e+04 -1.599e+04 -1.602e+04 -1.602e+04 -1.585e+04 -1.596e+04 -1.588e+04 -1.597e+04 -1.599e+04 -1.597e+04 -1.604e+04 -1.602e+04
 -1810 -1742 -1726 -1401 -1795 -1725 -1684 -1664 -1665 -1192 -1255 -1710 -1724 -1769 -1637 -1773 -1680 -1688 -1722 -1759
 -1471 -1414 -1415 -1429 -1488 -1368 -1285 -1350 -1361 -511.3 -528 -1326 -1484 -1417 -1384 -1403 -1443 -1379 -1538 -1463
 -1.662e+04 -1.656e+04 -1.657e+04 -1.659e+04 -1.661e+04 -1.656e+04 -1.663e+04 -1.663e+04 -1.659e+04 -1.665e+04 -1.663e+04 -1.658e+04 -1.641e+04 -1.653e+04 -1.659e+04 -1.66e+04 -1.664e+04 -1.658e+04 -1.661e+04 -1.658e+04
 -6407 -6576 -6579 -6563 -6585 -6558 -6544 -6560 -6527 -6561 -6524 -6573 -6558 -6596 -6567 -6300 -6594 -6538 -6725 -6225
 -1.233e+04 -1.228e+04 -1.222e+04 -1.184e+04 -1.244e+04 -1.219e+04 -1.223e+04 -1.229e+04 -1.227e+04 -1.231e+04 -1.228e+04 -1.232e+04 -1.213e+04 -1.227e+04 -1.227e+04 -1.232e+04 -1.23e+04 -1.229e+04 -1.229e+04 -1.229e+04
 -1.696e+04 -1.689e+04 -1.695e+04 -1.691e+04 -1.688e+04 -1.683e+04 -1.685e+04 -1.68e+04 -1.685e+04 -1.658e+04 -1.683e+04 -1.688e+04 -1.693e+04 -1.67e+04 -1.679e+04 -1.686e+04 -1.684e+04 -1.685e+04 -1.688e+04 -1.697e+04
 -3317 -3234 -3225 -3238 -3200 -3236 -3212 -3281 -3171 -3174 -3187 -3254 -3324 -3315 -3233 -3421 -2559 -3046 -3249 -3122
 -2966 -2960 -2983 -3022 -2973 -2962 -2838 -2902 -2843 -2297 -2310 -2886 -3096 -2986 -2816 -2988 -2907 -2865 -3043 -2835
 -2537 -2362 -2341 -2335 -2370 -2290 -2253 -2286 -2256 -2310 -2251 -2313 -2381 -2328 -2376 -1760 -2354 -2446 -2480 -1935
 -7169 -7104 -7103 -7101 -7109 -7110 -7092 -7102 -7108 -7124 -7092 -7128 -7030 -7069 -7117 -7051 -6862 -7114 -7078 -7055
 -1412 -1350 -1301 -1379 -1323 -1264 -1120 -1229 -1165 -244.4 -1091 -1242 -1420 -1346 -1278 -1360 -1316 -1181 -1456 -1260
 -1856 -2090 -2113 -2282 -1738 -2073 -454.6 -1781 -1804 -1827 -1810 -2116 -1915 -1648 -1971 -1821 -1815 -1785 -1799 -1802
 -3090 -3269 -3199 -3200 -3154 -2812 -3133 -2844 -3089 -3088 -3057 -2724 -3158 -3092 -3157 -3106 -3083 -3084 -3076 -3111
 -367.4 -265.4 -263.5 -277.1 -271.2 -252.9 -238.5 -444.2 -245.8 -261.2 -240 -260.8 -287.6 -290.3 -261.1 -302.1 -292.1 382.3 -126 -278.9
 -211.7 -216.4 -218.1 -240 -237 -227.5 -191.3 -220.5 -176.3 -860 873.8 -190 -255.2 -246.3 -234.4 -251.8 -243 -189.2 -197 -183.6
 -6732 -6678 -6805 -6737 -6722 -6568 -6767 -6790 -6810 -6831 -6762 -6790 -6680 -6619 -6019 -6827 -6795 -6807 -6768 -6973
 -1668 -1590 -1554 -1531 -1574 -1533 -1489 -1504 -1468 -840.4 -921.1 -1533 -1562 -1490 -1373 -1574 -1577 -1514 -1769 -1598
 -9009 -9023 -9016 -9040 -9017 -9015 -8778 -8064 -8828 -9043 -8950 -8993 -8661 -9072 -9047 -9067 -9028 -8962 -9005 -8961
 -2.691e+04 -2.705e+04 -2.706e+04 -2.705e+04 -2.705e+04 -2.704e+04 -2.703e+04 -2.705e+04 -2.703e+04 -2.705e+04 -2.704e+04 -2.705e+04 -2.708e+04 -2.706e+04 -2.708e+04 -2.692e+04 -2.706e+04 -2.705e+04 -2.707e+04 -2.699e+04
 -4640 -4663 -4672 -4683 -4666 -4675 -4671 -4722 -4660 -4724 -4660 -4674 -4666 -4780 -4690 -4334 -4705 -4667 -4580 -4667
 -6262 -6123 -6128 -6204 -6127 -6209 -6199 -6137 -6190 -6011 -5832 -6189 -6087 -6080 -6207 -6124 -6338 -6171 -6064 -6121
 -957.8 -1070 -955.6 -960.2 -984.5 -943.7 -935.4 -872.9 -852.4 -901.1 -847.3 286.6 -966.3 -927.4 -969 -914.6 -649 -861.5 -978.4 -937.7
 -1.43e+05 -1.432e+05 -1.431e+05 -1.432e+05 -1.432e+05 -1.431e+05 -1.432e+05 -1.431e+05 -1.431e+05 -1.431e+05 -1.431e+05 -1.431e+05 -1.431e+05 -1.432e+05 -1.431e+05 -1.432e+05 -1.431e+05 -1.431e+05 -1.43e+05 -1.43e+05
 72.9 -949.9 -942.7 -984.8 -997.2 -881.2 -851.7 -1044 -885 -994.2 -874 -969.7 -1168 -1253 -1165 -1104 -1060 -952.1 -1614 -16.8
 -761.8 -954.9 -934 -969.4 -916.7 -899.5 -839.3 -881.8 -858 -941 -823.9 -887.1 -987.9 -970.1 280 -983.2 -934 -856 -1034 -976.5
 -3443 -3367 -3341 -3320 -3437 -3335 -3335 -3308 -3319 -3403 -3366 -3355 -3359 -3385 -3401 -3034 -3391 -3352 -3409 -3085
 -571.9 -454.7 -439.9 -462.3 -447.5 -447.4 -445.1 -430.5 -451.5 -497 -449.7 -476.7 -479.8 -482.5 -528.4 -508.7 -520.2 222 -417.9 -482.4
 -677.3 -308.3 -270.8 -280.9 -323.4 -241 -233.2 -221.6 -210.4 -261 -222.4 -234.8 -283.6 -321.5 -324.1 1121 -282.1 -271.2 -354.7 -714.1
 -7448 -7816 -7824 -7818 -7792 -7819 -7788 -7807 -7794 -7825 -7789 -7827 -7812 -7881 -7843 -7867 -7779 -7785 -7889 -7610
 -1881 -1595 -1605 -1575 -1614 -1469 -1491 -1533 -1508 -1580 -1510 -1611 -1654 -1750 -1515 -1104 -1648 -1583 -1750 -1316
 -6324 -6519 -6530 -6561 -6544 -6522 -6468 -6489 -6533 -6542 -6539 -6466 -6525 -6542 -6509 -6375 -6582 -6345 -6311 -6561
 -6436 -6623 -6624 -6630 -6631 -6607 -6620 -6616 -6635 -6637 -6621 -6651 -6652 -6614 -6664 -6635 -6682 -6466 -6501 -6535
 -7718 -7334 -7432 -7690 -7795 -7626 -7756 -7726 -7710 -7757 -7720 -7701 -7804 -7808 -7761 -7780 -7779 -7715 -7740 -7736
 -1046 -1563 -1557 -1560 -1570 -1574 -1587 -1570 -1567 -1555 -1581 -1595 -1568 -1594 -1537 -1517 -1694 -1064 -1859 -1783
 -1423 -1230 -1247 -1304 -1297 -1151 -1067 -1097 -81 -1213 -1142 -1184 -1371 -1313 -1174 -1268 -1275 -1168 -1274 -1257
 -1395 -602.3 -1627 -1625 -1651 -1567 -1519 -1558 -1518 -1595 -1531 -785.6 -1743 -1617 -1453 -1650 -1634 -1521 -1609 -1601
 -6574 -6718 -6695 -6714 -6709 -6688 -6676 -6695 -6666 -6714 -6673 -6701 -6734 -6772 -6726 -6593 -6737 -6731 -6829 -6494
 -789.1 -822.3 -818.7 -841.4 -859 -750.7 -889 -797.4 -772.5 -284.5 -360.3 -761.3 -937.1 -854.2 -962 -846.1 -803 -814.6 -896.9 -900.6
 -4671 -4665 -4398 -4715 -4561 -3770 -4608 -4527 -4502 -4585 -4580 -4690 -4825 -4586 -4720 -4676 -4606 -4585 -4726 -4641
 -1.501e+04 -1.501e+04 -1.494e+04 -1.47e+04 -1.483e+04 -1.5e+04 -1.482e+04 -1.49e+04 -1.491e+04 -1.498e+04 -1.496e+04 -1.497e+04 -1.496e+04 -1.5e+04 -1.5e+04 -1.5e+04 -1.496e+04 -1.496e+04 -1.5e+04 -1.495e+04
 -7674 -7579 -7494 -7233 -7305 -7529 -7467 -7564 -7573 -7595 -7562 -7593 -7476 -7680 -7603 -7628 -7625 -7575 -7668 -7609
 -2473 -2458 -2449 -2549 -2510 -2410 -2389 -1407 -2291 -2465 -2330 -2417 -2454 -2578 -2457 -2580 -2489 -2357 -2597 -2500
 -6847 -6877 -6726 -6628 -6609 -6790 -6723 -6783 -6753 -6814 -6764 -6728 -6670 -6830 -6794 -6748 -6787 -6767 -6790 -6813
 -1.236e+04 -1.214e+04 -1.206e+04 -1.236e+04 -1.238e+04 -1.208e+04 -1.233e+04 -1.234e+04 -1.231e+04 -1.235e+04 -1.233e+04 -1.228e+04 -1.238e+04 -1.235e+04 -1.239e+04 -1.236e+04 -1.235e+04 -1.233e+04 -1.239e+04 -1.235e+04
 -1923 -2054 -2078 -2041 -2109 -2082 -1921 -2032 -1951 -1491 -1728 -2013 -2069 -2112 -2040 -2122 -2130 -1992 -1981 -1970
 -7795 -7799 -7798 -7800 -7800 -7779 -7772 -7792 -7730 -7804 -7753 -7814 -7853 -7840 -7696 -7821 -7612 -7647 -7685 -7735
 -6.827e+04 -6.834e+04 -6.834e+04 -6.835e+04 -6.834e+04 -6.835e+04 -6.834e+04 -6.833e+04 -6.833e+04 -6.834e+04 -6.833e+04 -6.83e+04 -6.834e+04 -6.82e+04 -6.834e+04 -6.832e+04 -6.83e+04 -6.833e+04 -6.819e+04 -6.834e+04
 -665.5 -570.2 -574.8 -651.5 -673.7 -554.8 -344.4 -547.7 -533.5 -952.7 848.9 -549 -616.5 -654.9 -596.5 -612.8 -600.9 -492.5 -673.6 -643.3
 -5488 -5452 -5447 -5160 -5341 -5507 -5454 -5455 -5423 -5483 -5441 -5279 -4925 -5514 -5509 -5472 -5454 -5436 -5599 -5485
 -1757 -1963 -1929 -1951 -1940 -1892 -1842 -1919 -1822 -1989 -1810 -1904 -2003 -1954 -1949 -1918 -2003 -867.2 -1536 -1960
 -8280 -8267 -8288 -8107 -8363 -8149 -8133 -8291 -8272 -8272 -8269 -8199 -8309 -8326 -8310 -8288 -8307 -8265 -8320 -8278
 -1510 -1481 -1396 -1523 -1525 -1532 -1495 -1097 529.9 -1553 -1415 -1161 -1361 -1389 -1461 -1452 -1428 -1371 -1707 -1491
 -1018 -887.1 -845.7 -966.1 -955.3 -850.7 -647.6 -927.5 729.4 -904.2 -873.5 -923.5 -1033 -841.6 -945.7 -970.5 -955.4 -851 -1122 -993.3
 -2738 -2629 -2646 -2624 -2599 -2600 -2592 -2578 -2582 -2611 -2575 -2671 -2624 -2681 -2673 -2610 -2544 -2702 -2387 -2583
 -7069 -7039 -6978 -7018 -7066 -6971 -7021 -7013 -6961 -6950 -6955 -6513 -6880 -6943 -6997 -7000 -7021 -6970 -7116 -6968
 -1.185e+05 -1.185e+05 -1.186e+05 -1.185e+05 -1.185e+05 -1.185e+05 -1.185e+05 -1.185e+05 -1.185e+05 -1.185e+05 -1.185e+05 -1.185e+05 -1.185e+05 -1.184e+05 -1.185e+05 -1.185e+05 -1.185e+05 -1.185e+05 -1.183e+05 -1.185e+05
 -4125 -3920 -3923 -3948 -3909 -3925 -3949 -3930 -3932 -3704 -3972 -3912 -3945 -3946 -3938 -3825 -3915 -3758 -3901 -4015
 -2896 -3002 -2969 -3006 -3041 -2975 -2959 -2972 -2942 -2974 -2954 -2970 -3037 -3047 -2955 -2593 -2977 -3021 -3064 -2965
 -3968 -4126 -4126 -4141 -4137 -4086 -4040 -4092 -4083 -4132 -4071 -4072 -4164 -4198 -4016 -3887 -4122 -4103 -4180 -4106
 -844.1 -699 -689.6 -692.5 -686.9 -675.4 -635.4 -696.6 -645 -738 -642 -727.7 -718 -724.4 -733.5 -761.9 -811.6 411.2 -488.4 -750.6
 -3.176e+04 -3.191e+04 -3.191e+04 -3.18e+04 -3.183e+04 -3.186e+04 -3.185e+04 -3.188e+04 -3.187e+04 -3.191e+04 -3.19e+04 -3.189e+04 -3.186e+04 -3.184e+04 -3.185e+04 -3.192e+04 -3.192e+04 -3.189e+04 -3.186e+04 -3.186e+04
 -6595 -6590 -6576 -6583 -6636 -6572 -6563 -6577 -6583 -6634 -6531 -6448 -6685 -6642 -6646 -6638 -6413 -6480 -6251 -6545
 -1.236e+04 -1.224e+04 -1.146e+04 -1.224e+04 -1.248e+04 -1.207e+04 -1.231e+04 -1.229e+04 -1.229e+04 -1.235e+04 -1.228e+04 -1.234e+04 -1.245e+04 -1.234e+04 -1.236e+04 -1.237e+04 -1.233e+04 -1.23e+04 -1.235e+04 -1.232e+04
 -3486 -3551 -3525 -3551 -3539 -3517 -3554 -3569 -3486 -3551 -3533 -3591 -3559 -3559 -3500 -3612 -3137 -3388 -3683 -3333
 -6680 -6577 -6873 -7203 -6071 -7020 -6868 -6842 -6778 -6870 -6823 -6829 -7009 -6875 -6801 -6900 -6878 -6818 -6975 -6821
 -2744 -2666 -2874 -2887 -2643 -2762 -945.1 -2662 -2601 -2840 -2787 -2650 -2663 -2538 -2697 -2727 -2706 -2696 -2770 -2699
 -8013 -8128 -8259 -8293 -8267 -8205 -8174 -8231 -8165 -8267 -8188 -8203 -8214 -8260 -7328 -8247 -8247 -8211 -8327 -8058
 -4203 -3077 -4362 -4275 -4251 -4001 -4050 -4130 -4102 -4176 -4160 -4170 -4307 -4174 -4235 -4146 -4155 -4116 -4253 -4141
 -1.322e+04 -1.321e+04 -1.302e+04 -1.282e+04 -1.305e+04 -1.324e+04 -1.311e+04 -1.319e+04 -1.317e+04 -1.322e+04 -1.319e+04 -1.318e+04 -1.32e+04 -1.323e+04 -1.322e+04 -1.322e+04 -1.316e+04 -1.318e+04 -1.321e+04 -1.32e+04
 -373 -336.9 -351.1 -369 -357.2 -310.5 -300.3 -304.7 -273 -754.1 984.5 -297 -401.6 -356.5 -338.2 -391.4 -357.4 -283.5 -412.7 -315.2
 -272.9 -195.2 -180.2 -205.2 -196.4 -186 -176.1 -259.6 -172.2 -220.6 -172.6 -199 -211 -227.3 -203.9 -224.1 -263.9 149.8 -39.1 -219.3
 -1.191e+04 -1.208e+04 -1.207e+04 -1.208e+04 -1.204e+04 -1.206e+04 -1.204e+04 -1.206e+04 -1.205e+04 -1.208e+04 -1.205e+04 -1.204e+04 -1.212e+04 -1.185e+04 -1.206e+04 -1.201e+04 -1.204e+04 -1.207e+04 -1.202e+04 -1.202e+04
 -421.5 -272.9 -263.8 -270.3 -261.4 -253.8 -233.1 -235.4 -245.1 -272.7 -236.4 -298 -330.8 -332.8 -265.3 -315.1 -267.9 10.7 -79.6 -261.3
 -5816 -5851 -5498 -5707 -5707 -5580 -5756 -5662 -5677 -5609 -5516 -5619 -5685 -5688 -5765 -5676 -5629 -5683 -5648 -5705
 -581.1 -541.9 -482.7 -524.6 -529.1 -435.5 -395 -474.7 -481.1 -482.1 -421.2 756.7 -556.9 -517.3 -477.4 -515 -349.3 -496.3 -847 -642
 -367.6 -294.7 -277.6 -303.7 -294.6 -266.3 -251 -270.7 -255.5 -304.9 -258.2 -271.2 -320.8 -289.2 -273.4 -286.1 -308.2 248.7 -221.6 -306.9


